# MultiModes_v1.1
# February 23, 2026
# Input file: TIC_149154927_clean

f(c/d) A(ppt) Phase Min_Error_f(c/d) Min_Error_A(ppt) Min_Error_phase SNR/FAP rms
18.383003297618323 2.0286171855452086 0.3756380364071159 1.9580025550398107e-06 0.00020139781208866617 9.901690988747477e-05 264.5910296251405 2.6027519702911377
11.39779187458995 0.7412019901028339 0.8056561893522459 5.371435970433397e-06 0.00020139781208866617 0.0002716354940813293 101.13282873962686 2.1816441313200348
21.018834060381884 0.7237715920754839 0.8703929150543983 5.509279186627536e-06 0.00020139781208866617 0.00027860627626001615 100.3268956831059 2.117501173558467
12.487087871122489 0.6421107594052625 0.051185621884818615 6.206258673284318e-06 0.00020139781208866617 0.0003138527854364609 90.27464652825945 2.0540258859934215
10.216815094844517 0.6424820911594615 0.43535765441836843 6.1960545128457675e-06 0.00020139781208866617 0.00031333675728725314 88.08297761682476 2.0019393462110022
16.873425643444588 0.6377390751749201 0.8461602679590929 6.239270493909043e-06 0.00020139781208866617 0.00031552220535606537 88.16052310869229 1.953449979172196
10.839711685848064 0.6127878192934806 0.7634167181597002 6.4966189674613455e-06 0.00020139781208866617 0.00032853641238547824 87.9064866922794 1.9036151943487936
20.5528112526683 0.6019944789794438 0.8682292928773302 6.614641256950685e-06 0.00020139781208866617 0.0003345048430052441 86.61200065406003 1.852728420917826
18.769081451171072 0.49310845250990903 0.08858653527390221 7.29014481121778e-06 0.00020139781208866617 0.00036866530637612766 82.17133809908307 1.8033376771183274
16.76022682316346 0.5193180346870199 0.26657636975537546 7.745007898606226e-06 0.00020139781208866617 0.0003916679001261468 74.17993537859664 1.7593560345292192
8.410095680061504 0.4497355277243598 0.17369200041493676 8.869203732636545e-06 0.00020139781208866617 0.000448518897234162 68.04966778495124 1.7229542934410318
14.924729609363188 0.4458198497084961 0.9999999999999999 8.905363470984093e-06 0.00020139781208866617 0.00045034750851165913 67.08211748871318 1.691834704984639
21.822645564935655 0.43967141327589415 0.08892236909754904 9.057652607384187e-06 0.00020139781208866617 0.0004580488261922496 65.64548296005862 1.6619418854080366
8.80671979470351 0.43667605746772864 0.10446965981303782 9.139715912387686e-06 0.00020139781208866617 0.0004621987977311961 64.07372088771668 1.6322449931075445
11.564845476052023 0.41925329572738923 0.4288079179256587 9.46323623325173e-06 0.00020139781208866617 0.000478559339434938 61.140217529168474 1.60352947010881
25.175642742168147 0.40165142534524967 0.5117034870871122 9.89333865335092e-06 0.00020139781208866617 0.0005003097771265172 60.7524299960066 1.5768549059688302
18.46167306497467 0.3724395221854625 0.8353548358888718 1.06935344290538e-05 0.00020139781208866617 0.0005407759720306904 54.53535208929355 1.551169102577887
13.954465798864321 0.35104451502449685 0.4674960295792317 1.1393069450753876e-05 0.00020139781208866617 0.0005761517155548866 53.006984970990864 1.5292685977033855
22.627865323844997 0.337646306979414 0.9113253535236804 1.173334938252939e-05 0.00020139781208866617 0.0005933597969511067 51.67233892260698 1.5091757071387466
18.714174181276277 0.35608313926551605 0.4950809484324905 1.2015644258698983e-05 0.00020139781208866617 0.0006076355527428616 51.07976293339953 1.490004706925887
16.819502443266888 0.32202053765824595 0.08447867340408573 1.2360257496101798e-05 0.00020139781208866617 0.0006250627709996078 48.873463711770384 1.4699657235942967
23.617704983046487 0.3313225960996127 0.6385111713078235 1.2064378826634767e-05 0.00020139781208866617 0.0006101000777810347 48.086882130379905 1.45273553401915
23.7460290000869 0.3141281991111228 2.7198094652559164e-38 1.266646995017347e-05 0.00020139781208866617 0.0006405480475091783 48.346831317490185 1.435668173781716
7.814227539591532 0.2972049556292325 0.7159164631920862 1.3402560009969236e-05 0.00020139781208866617 0.0006777723927646325 46.06563451478579 1.4184283283801102
21.43931195995841 0.29438759272039594 0.4000370256650674 1.3513040044285336e-05 0.00020139781208866617 0.000683359408764221 44.94314703815066 1.4026304919371526
14.67949962656123 0.29560611683955584 0.17787401967129504 1.3444564306025875e-05 0.00020139781208866617 0.000679896565476676 44.636659275779124 1.3874414764104155
10.488866330771444 0.29211615061192525 0.29919461938063074 1.3640962183807149e-05 0.00020139781208866617 0.0006898284784439522 44.26845219455295 1.3722559171334183
21.162305133774506 0.28392207084360727 0.3621097876434682 1.40130093560324e-05 0.00020139781208866617 0.000708643040882237 43.6636540738838 1.3570148890313443
16.294420303485055 0.2789826328205909 0.48156138542972715 1.4286076795243044e-05 0.00020139781208866617 0.0007224521617906486 43.267616508261746 1.3418067596294712
9.408068453349026 0.2749760234088295 0.7532543096198859 1.4512877472594903e-05 0.00020139781208866617 0.0007339215555225228 42.344315250808734 1.3271935131017596
1.3463768272010619 0.2507248906534531 0.9999999999999999 1.5819834418845538e-05 0.00020139781208866617 0.0008000148493441324 40.03631035423798 1.3131412367573458
19.668399128176834 0.3028722849536081 0.7320538498557511 1.3107224864587181e-05 0.00020139781208866617 0.0006628371857590908 39.98814024744752 1.3005671123081826
19.619344952865223 0.28809195217463796 0.5541685307739183 1.3854101472654579e-05 0.00020139781208866617 0.0007006070107308303 40.9849890707669 1.2875603388136851
16.641141024536168 0.25758287873164915 0.38242283026940393 1.540680088192007e-05 0.00020139781208866617 0.0007791275913571669 39.612232563506865 1.2730390760053054
1.0509840515696565 0.21565223648494897 0.4209190973439229 1.8559587998948268e-05 0.00020139781208866617 0.0009385651963069854 33.564880178813695 1.2600229282348587
20.064744957451264 0.2124042996840743 0.42390449844671285 1.8786569997592914e-05 0.00020139781208866617 0.0009500437595233744 32.94709431131351 1.2509017547099246
24.240758012365486 0.219059833799722 0.4645281617844263 1.8198620661900205e-05 0.00020139781208866617 0.0009203109452117496 32.72406067711417 1.241942155411476
18.66740627737481 0.2041479021426017 0.38406428717070196 1.945965091851784e-05 0.00020139781208866617 0.0009840817094344495 32.13773317346261 1.2330176673919768
23.982543740115588 0.20170300248320738 3.108166958488864e-37 1.972069923199313e-05 0.00020139781208866617 0.000997283018730562 32.16195289031687 1.2245148089563969
12.537247920265843 0.19796639911888128 0.35941147805129264 2.0188546447467615e-05 0.00020139781208866617 0.0010209422246169413 31.074671956959627 1.216231331992744
21.32479643189236 0.1799940155541195 0.07097396679178643 2.2083798943966505e-05 0.00020139781208866617 0.0011167858409476803 30.128983050744676 1.2081550819691262
13.211002903343608 0.18056724759010054 0.09184576972099685 2.1971892923407835e-05 0.00020139781208866617 0.0011111267122989445 29.29704793878866 1.2005694259623052
25.853835999357305 0.18839562660622192 0.9656581491587605 2.112273358146362e-05 0.00020139781208866617 0.0010681844118279995 29.153340520878803 1.1932683487446711
22.896827949959786 0.19433525720433914 0.07705028974486292 2.0457950445739877e-05 0.00020139781208866617 0.0010345660839687018 29.08136407405287 1.1859082404639816
2.6225274528275944 0.18387986018075475 0.7434202708450425 2.1743382502069567e-05 0.00020139781208866617 0.0010995708561843747 28.555926091464908 1.1784737171935988
23.682890162942243 0.18313198428983105 0.27135174949178315 2.175562880580312e-05 0.00020139781208866617 0.0011001901562716593 28.234472646525408 1.171298827619167
21.90032019273507 0.19424825272775625 0.949903950462973 2.0457306315343852e-05 0.00020139781208866617 0.0010345335100574906 27.280573434742283 1.1642781972506417
21.476367536826473 0.1811898344980197 0.8666801116240584 2.2025387356061923e-05 0.00020139781208866617 0.0011138319454478786 26.92315389811644 1.1576427579292023
16.209029890199417 0.17434374286750176 0.695722549271099 2.28354519827898e-05 0.00020139781208866617 0.0011547972117807992 26.924843002838355 1.150829307579924
1.3084192937393668 0.17680841059392755 0.6998139704870059 2.2514174541263338e-05 0.00020139781208866617 0.0011385500933106924 26.294735862156646 1.1443135765590386
1.480765926234172 0.17014626910237649 0.7522825775445283 2.3244700428250495e-05 0.00020139781208866617 0.001175493056299218 26.031581873883113 1.1379110025482226
17.678320643896402 0.16344701552178378 0.07540773825417098 2.4379549837067184e-05 0.00020139781208866617 0.0012328828086054257 25.850870692376454 1.1316703142401368
4.128638991760495 0.1667189306316856 0.108641869624103 2.4683399019394085e-05 0.00020139781208866617 0.0012482485735930172 25.568586956253878 1.1256729079559948
5.349376610393112 0.16203512200145082 0.21434336617971947 2.4679596024810407e-05 0.00020139781208866617 0.001248056254757158 25.0486807067683 1.1197027947739133
12.644731560191397 0.1591385626379604 0.5004466777172083 2.5009802701712432e-05 0.00020139781208866617 0.0012647549279467777 25.21935954949243 1.1139389806516429
25.953229481818948 0.1637522496060599 0.8708597066025043 2.4333439293978536e-05 0.00020139781208866617 0.0012305509814695933 24.99798206991326 1.1081039590399524
22.20563599133347 0.15801399594270962 0.8318177850383858 2.5132469654965423e-05 0.00020139781208866617 0.001270958240922626 24.81338858215397 1.1021404262664205
20.926025890703738 0.15835356812823945 0.2514315157905847 2.50732311025264e-05 0.00020139781208866617 0.0012679625255219381 24.678701998315 1.0964395562936782
14.200115469887422 0.15631126727267877 0.1889086043633938 2.5457436383542176e-05 0.00020139781208866617 0.0012873919279967768 24.65252436324118 1.0906975350888635
3.957151799072388 0.15324545743804766 0.11823454849054901 2.62182060107178e-05 0.00020139781208866617 0.0013258643280584024 23.890912105852806 1.0850739884048313
15.106092857581908 0.15466792682090513 0.5449142517018966 2.5801015995193806e-05 0.00020139781208866617 0.0013047668754188405 23.418137870793394 1.0796828058690862
18.603044589958873 0.14850565892511164 0.825785850061366 2.672460327378445e-05 0.00020139781208866617 0.0013514730240405763 23.329730100151576 1.0745108600541027
9.937358287244713 0.14634021102768002 0.9422861761875178 2.7271376079130362e-05 0.00020139781208866617 0.0013791235260567788 22.7703642046672 1.0693693605714387
21.362869910641155 0.13882018402892707 0.8486885322157899 2.899283946458395e-05 0.00020139781208866617 0.0014661785630756552 22.032114803823344 1.0644386755218935
8.972050930935406 0.13936832460632903 0.6462982133394878 2.8596431087004322e-05 0.00020139781208866617 0.0014461320455160067 21.983819746962038 1.0597313095154441
21.57930561276871 0.1405822697291177 0.5948119536969243 2.8184193693934528e-05 0.00020139781208866617 0.0014252850488168582 21.910130360107818 1.0550557599626063
0.26680902793380645 0.14026760056908286 0.9295745453737245 2.833013245984232e-05 0.00020139781208866617 0.0014326652259242813 21.890178936364677 1.0504494285940618
2.6623361370917387 0.14237882129917437 0.6885377729605715 2.7949659289004815e-05 0.00020139781208866617 0.0014134245576348302 22.021153315160433 1.045858881753577
22.044328582844656 0.1369077583309299 0.9921829091392971 2.9581521148600857e-05 0.00020139781208866617 0.001495948412511589 21.83311696404815 1.0410806144916251
16.99815149533562 0.1382475905461566 0.43879011245348537 2.8758067769135936e-05 0.00020139781208866617 0.0014543060720247777 21.67779221678106 1.036416864716031
20.324774018452228 0.13263162486337973 0.8261956779018763 3.0143462283381716e-05 0.00020139781208866617 0.0015243659825303014 21.54501237298214 1.031866005968652
4.036249362071724 0.13883801710544835 0.6779433702712295 2.8703715228751363e-05 0.00020139781208866617 0.0014515574440520703 21.02194270616522 1.0273380473871543
14.641617800120331 0.1324555415222143 0.9999999999999999 2.9909791377540618e-05 0.00020139781208866617 0.0015125491588150115 20.799504668128467 1.0230220762848188
36.10523548822828 0.12870950163535738 0.1407851628403852 3.0929056755735265e-05 0.00020139781208866617 0.0015640937841498188 20.345673912497883 1.0187188067796766
18.16163532377388 0.1260959753073436 0.0987913223750265 3.1755756741764856e-05 0.00020139781208866617 0.0016059003067255791 19.773451140815112 1.0146355585084421
21.864236955373112 0.12672415078894583 0.6454527662954563 3.1072505251134066e-05 0.00020139781208866617 0.001571348027361012 19.77800688869322 1.0107345114638453
3.8756442253373096 0.12742446237513577 0.529242701841484 3.130388304313695e-05 0.00020139781208866617 0.0015830488874654805 19.81039862423913 1.0067820477830907
2.985633673794444 0.12619087056211728 0.3543924243664745 3.1547561001242505e-05 0.00020139781208866617 0.0015953717714970647 19.708716505273063 1.0028297863280635
25.11496902018197 0.12332773377930216 0.3755393683759179 3.251178581725306e-05 0.00020139781208866617 0.0016441329753435242 19.259312049241277 0.9988766145508773
22.820527608786893 0.1229048460237223 0.23832210491519604 3.2578129658292246e-05 0.00020139781208866617 0.0016474880078039553 19.35484517430966 0.9951199934536625
15.883293447737666 0.11722682708715093 0.4073528823999743 3.405319456859326e-05 0.00020139781208866617 0.0017220825832428427 18.598518585869304 0.9913324534729571
17.10373838765934 0.11895601961596475 0.4778415901102619 3.384593337377927e-05 0.00020139781208866617 0.001711601308334777 18.511108953689718 0.987837279787065
1.7630943473569798 0.1158343517427304 0.2584920870074238 3.438292661531682e-05 0.00020139781208866617 0.0017387572542096415 18.497724291706465 0.9843784621303612
23.832703190208615 0.1264355858477314 0.42022328029921063 3.164168075501436e-05 0.00020139781208866617 0.0016001314420878265 18.288834403670233 0.9809036621866508
30.1696693407062 0.11264202173196458 0.5727242466359272 3.5176956865560836e-05 0.00020139781208866617 0.0017789116562220235 18.22757327829443 0.9736404503021274
2.506343468319639 0.11567320030824765 0.018023622215750715 3.4395399647084454e-05 0.00020139781208866617 0.0017393880200170608 17.902353057244046 0.9702022191417806
12.991482639753261 0.11141564813485892 0.2376446105368641 3.561310503265144e-05 0.00020139781208866617 0.0018009678295642078 17.897253812636475 0.9669033135293091
19.094020290986492 0.11631026717053126 0.637759620614351 3.396500892439139e-05 0.00020139781208866617 0.0017176230027571941 17.87514554209579 0.9635530962583134
12.823052491469891 0.11254924050947923 0.42504139109388944 3.515106139207747e-05 0.00020139781208866617 0.0017776021125966615 17.67326315363169 0.9569468835736218
8.73791611474206 0.11227778446147682 0.3400565735412054 3.558912636206435e-05 0.00020139781208866617 0.001799755219366825 17.57652526855087 0.9536622055011766
19.441294737325858 0.1121877399332616 0.917360351919835 3.551841385692017e-05 0.00020139781208866617 0.0017961792619546363 17.520614945639828 0.950408990377708
27.04106258157752 0.11315673077233465 0.9405484910041633 3.5167122595225926e-05 0.00020139781208866617 0.001778414333551502 17.49794932869376 0.9471395384467941
28.07604858402936 0.11142864236434068 0.15109374639629855 3.5851034735141724e-05 0.00020139781208866617 0.0018130000221935761 17.482469575987366 0.9439302983560248
9.771311795435437 0.11010353020921834 0.7510496118992488 3.602194249400222e-05 0.00020139781208866617 0.0018216428904649182 17.37347464189026 0.9406530916837578
0.9459753022797114 0.11154473187084667 0.7067638456026429 3.578249952065783e-05 0.00020139781208866617 0.0018095341711714707 17.278142744544006 0.9374248282951115
4.52651431930691 0.10944689239939868 0.30616747903300073 3.639744320348305e-05 0.00020139781208866617 0.0018406320995533558 17.106998431978532 0.9341640025490879
25.0523270921317 0.10702309204042781 0.5703305762752123 3.731044311732438e-05 0.00020139781208866617 0.001886802841242843 16.95745210326181 0.9309804368971512
20.170685560052586 0.10701400581037446 0.6939880242674393 3.740162415726555e-05 0.00020139781208866617 0.0018914138999935387 16.957672244216706 0.9279173245542317
6.846844236398615 0.10480335154089783 0.6139049553632355 3.799993056012923e-05 0.00020139781208866617 0.0019216704750041102 16.730390604034707 0.9248376428283686
19.8333689379974 0.10886835426672532 0.2100584020682088 3.658124255595179e-05 0.00020139781208866617 0.0018499269004584565 16.477390751670423 0.9218455875158237
24.351653492494073 0.09959757393593528 0.6191255837266518 3.998609603891738e-05 0.00020139781208866617 0.0020221115943114243 16.55977950539947 0.9188140954320718
17.195674011366272 0.09896214643364651 0.22347646358636838 4.024297886295173e-05 0.00020139781208866617 0.0020351022532733238 16.24662853653357 0.9158107981006505
2.226786751557451 0.10632474372613458 0.14348427013519122 3.7456266272877284e-05 0.00020139781208866617 0.0018941771718920671 16.114950976701937 0.9128812065674689
27.998100132363923 0.1012791214203931 0.520488533338699 3.9322360180935215e-05 0.00020139781208866617 0.001988546227672988 16.134794791115322 0.9100806229036652
2.061248189088165 0.10087033721761561 0.04932298621179765 3.94808166002991e-05 0.00020139781208866617 0.0019965594271230402 15.975732874749863 0.9071992810595924
4.39743410269602 0.10431147952391208 0.34633338077850906 3.817933456190203e-05 0.00020139781208866617 0.0019307430014067267 15.969478216696908 0.9044126308396105
15.245323877328513 0.09885407082112714 0.12990197980605356 4.028694586564852e-05 0.00020139781208866617 0.00203732568078257 15.83576929364698 0.9015553137248985
2.8298064557066764 0.09801252000926468 0.3431339435726498 4.063340496470377e-05 0.00020139781208866617 0.0020548462449424833 15.817105808080646 0.8988059739501537
0.4808678619901413 0.10499237145425161 0.38353509139758957 3.793224956881232e-05 0.00020139781208866617 0.0019182478223619714 15.714131002966102 0.8960861319749563
21.235791214924316 0.10390191434198154 0.7104621920246575 3.832972573597703e-05 0.00020139781208866617 0.001938348338433957 15.730133316706674 0.8933154333011024
27.346123374043714 0.09809367229290544 0.3871893317004998 4.0599274726647975e-05 0.00020139781208866617 0.002053120266241735 15.628028983698073 0.890581685724495
21.516527319643433 0.09819717844567537 0.8051182705214247 4.055654172739644e-05 0.00020139781208866617 0.002050959242740913 15.333585637553261 0.8878819593898003
22.00793838991245 0.09838448247643002 0.20191151556707396 4.04791322908165e-05 0.00020139781208866617 0.0020470446190410884 15.289090323460872 0.8852940050674873
0.1343527821288644 0.10447982131272956 0.39501019601040016 3.811769008534369e-05 0.00020139781208866617 0.00192762561753778 15.310035745642196 0.8826335321528377
14.249911544275177 0.0949176292771735 0.4099733480442955 4.195791453056636e-05 0.00020139781208866617 0.0021218271811984358 15.148848818231933 0.8771597300585917
24.03203924280563 0.09543967938737982 0.56798677147946 4.172983364666041e-05 0.00020139781208866617 0.002110293046949918 15.05956860341322 0.8746042111284468
20.210762972397085 0.09144853115478517 1.3534202326937601e-25 4.386273291652185e-05 0.00020139781208866617 0.0022181545480798983 14.66911955403224 0.8720170218546979
16.01083925145007 0.09545426763488768 0.9290636991346213 4.186460159038286e-05 0.00020139781208866617 0.0021171083114678003 14.625369460393225 0.8696060996699535
25.666679637382927 0.08976484405966653 0.31553462531230964 4.4230344856038015e-05 0.00020139781208866617 0.002236744819167615 14.31770641403854 0.8647030653615685
3.05095066861115 0.08749484272444968 0.17904748915223687 4.561259200144229e-05 0.00020139781208866617 0.002306645566072376 14.350658378543406 0.8623085139895873
4.968237926351151 0.08981118352067269 0.728076176968362 4.4255350168026854e-05 0.00020139781208866617 0.002238009346998559 14.289490609097884 0.8599789510135092
12.202054947410673 0.09373511834737457 0.5796573620975977 4.2650657645300806e-05 0.00020139781208866617 0.0021568594554874933 14.167201576627477 0.8576689231202522
11.807317253864536 0.0886813972287038 0.9784097367236632 4.479494429227839e-05 0.00020139781208866617 0.002265296820469572 14.174348198115236 0.8553470154335376
20.768425148459052 0.08776895819446046 6.113610048999188e-28 4.5223698949396825e-05 0.00020139781208866617 0.002286979101291145 13.992904229503946 0.8529898183685509
30.833824679755885 0.08714311056075538 8.02355931601638e-26 4.5816003148476105e-05 0.00020139781208866617 0.002316932142647117 14.010103594513454 0.850814618177575
20.45490066509026 0.08652918340114835 0.11851500004880887 4.580031299277289e-05 0.00020139781208866617 0.0023161386856981533 13.874063375197546 0.8486138778163195
10.081090818183498 0.08604070106845269 1.3165718475399996e-24 4.6028584874882345e-05 0.00020139781208866617 0.0023276824787961227 13.884419481162888 0.8464049181337036
3.2930443910251617 0.08618880854639706 0.9053479461363014 4.6165310631009436e-05 0.00020139781208866617 0.0023345967506079174 13.633536740838188 0.8419961255718164
31.099116287620937 0.08193729694380548 0.0566044015667696 4.8469862314073506e-05 0.00020139781208866617 0.0024511387774534053 13.185062429407258 0.8398064139079598
1.5678929839122548 0.08180117106630459 0.32448221010128564 4.877311667003579e-05 0.00020139781208866617 0.002466474461852801 13.0753665186123 0.8378016408728584
19.196565231187392 0.08180553289203822 0.5777915250009394 4.828075189317524e-05 0.00020139781208866617 0.002441575393862986 13.06970206026005 0.8358192724318184
8.884769988515398 0.08090292367421639 0.9111693258891395 4.903285015759652e-05 0.00020139781208866617 0.002479609279918469 13.051873693042698 0.8317927132527865
17.284750593875536 0.08028553934968674 0.7791056949563749 4.992515248887814e-05 0.00020139781208866617 0.002524733337239783 12.830429819784287 0.8298122204108697
5.28376688999886 0.08120235977453297 0.36085575078992116 4.90398460088049e-05 0.00020139781208866617 0.0024799630626890293 12.814628048875266 0.8278817205189631
6.608866365092144 0.0792423800808364 0.5749524882900896 4.9811448679999656e-05 0.00020139781208866617 0.002518983293774005 12.883996458707774 0.8259615515218336
27.514043986137263 0.08070948631235957 0.7313898726947113 4.9439132538600685e-05 0.00020139781208866617 0.0025001551294656058 12.72188551013369 0.8240023985405605
27.16396543600368 0.08222399748521803 0.87761251560729 4.848288825522367e-05 0.00020139781208866617 0.0024517975040918077 12.68698093251352 0.8201100032468804
26.790114274577903 0.08113839904851884 0.5442694336770644 4.925857090688643e-05 0.00020139781208866617 0.002491024061290763 12.85784212035391 0.818207929602824
14.098498120064884 0.07563280379326733 0.053887629533991364 5.272311143187203e-05 0.00020139781208866617 0.0026662271508276036 12.469047373297833 0.8162500288369999
0.1977284702457569 0.07650864080425646 0.7829349403041667 5.186836010015153e-05 0.00020139781208866617 0.002623002061375437 12.431983741654655 0.8144037392747595
12.415103583107987 0.07618248636216335 0.3185139563041952 5.2137542565166134e-05 0.00020139781208866617 0.002636614717708818 12.277376679066112 0.8125632451275857
29.71100280338527 0.07566991241331475 0.0782630721793413 5.251871211633691e-05 0.00020139781208866617 0.0026558906022080384 12.052188319010755 0.8107535022462152
10.6430252888967 0.07378038144282785 0.231411539153543 5.360596007464723e-05 0.00020139781208866617 0.002710873131641543 11.923481643712833 0.8072387927974759
18.840529209977927 0.07503426550800457 0.8519907256380075 5.3547453866175594e-05 0.00020139781208866617 0.0027079144511448386 11.866828437625466 0.8055302492100401
27.003742687182466 0.07402438449672914 0.7992418361563036 5.406889353654474e-05 0.00020139781208866617 0.0027342838472009367 11.8014649617187 0.8038253910459215
1.8241087872556296 0.07247173879616746 0.9994813816136419 5.5103538942707984e-05 0.00020139781208866617 0.00278660624621102 11.718560940675912 0.80211361124054
30.37383016100498 0.07387032505954022 0.617622735006312 5.393237438814395e-05 0.00020139781208866617 0.0027273800236179073 11.673183067401842 0.8004596519079291
32.079878729461704 0.07282728895979261 0.7083021856906434 5.467929482780848e-05 0.00020139781208866617 0.0027651520651696465 11.658620129936166 0.7971547564647357
7.384382762417868 0.07219656768099844 0.5429946359410107 5.503180428884518e-05 0.00020139781208866617 0.0027829785983619097 11.6290820425452 0.7954899456337647
17.825010893436662 0.07282559508089663 0.3559559365427054 5.552448062494101e-05 0.00020139781208866617 0.0028078934220169276 11.559843854623898 0.7938502999805778
25.327178049033478 0.07171220443190532 0.7719924134938868 5.578149711674519e-05 0.00020139781208866617 0.002820890840607146 11.557113582975635 0.7904656241148599
9.852685826527923 0.0716817984836519 0.40170012600183397 5.55899815862852e-05 0.00020139781208866617 0.002811205829740946 11.537744030796569 0.788835171794271
5.777208374457759 0.07111189709563337 0.8046790157468217 5.593473055814002e-05 0.00020139781208866617 0.0028286399121388896 11.498756481302296 0.7872063573066881
32.458951995857554 0.07155872757149478 0.9392195949630274 5.5703820113905164e-05 0.00020139781208866617 0.0028169626859830665 11.479444659230401 0.7855867235013094
11.980886805534062 0.07240378863304478 0.40603237679161713 5.505295484305498e-05 0.00020139781208866617 0.0027840481896731525 11.335437904674757 0.7839179029349566
28.296487760457662 0.07126065464488388 0.14060922021275576 5.584982808249895e-05 0.00020139781208866617 0.0028243463626957915 11.293935330642418 0.7823123902799365
4.904733421586827 0.06788868840453548 0.7408569844233798 5.852233291179492e-05 0.00020139781208866617 0.0029594959155781982 11.213573602976876 0.779081599960534
8.106187192570255 0.07082169284961044 0.24772079733405927 5.6217968925474577e-05 0.00020139781208866617 0.002842963380626126 11.193035226132414 0.7775078370353055
2.881908486798791 0.07068017889284028 0.7134800893908999 5.6420138737754106e-05 0.00020139781208866617 0.002853187182445446 11.09191994839037 0.7727625057604144
26.90237063168096 0.06842623185518391 0.128560991124982 5.8146436736466316e-05 0.00020139781208866617 0.00294048670763628 10.992189807885476 0.7712196524438825
1.2090852092635709 0.07263498917701369 0.20208142974661317 5.4810847856726625e-05 0.00020139781208866617 0.002771804750262566 11.018954047264574 0.7681812649799488
1.4001459295643255 0.07163849869112501 0.7456696445370629 5.5479847062738896e-05 0.00020139781208866617 0.0028056362863481577 11.184833699624381 0.7666498495758575
10.530546888795774 0.06937169271072006 0.8829065990999775 5.7304065568204057e-05 0.00020139781208866617 0.0028978876876069445 11.028487722828013 0.7650427720715265
2.4618611667141517 0.06890638423452064 0.716116416205208 5.787095538852637e-05 0.00020139781208866617 0.0029265555144749435 10.981691527213927 0.7634641316270557
26.155125464287146 0.06846122338666756 0.3385513928693738 5.861764822659455e-05 0.00020139781208866617 0.002964316046130183 10.96670368721961 0.7619234384047968
26.847470756062684 0.06820796779766118 0.9225824655090852 5.869983608898578e-05 0.00020139781208866617 0.0029684723165820724 11.06732384086382 0.7603841943023377
2.551004601500039 0.06794922332825336 0.11454253526654662 5.860941861448164e-05 0.00020139781208866617 0.0029638998716165718 10.898875712988032 0.758831343640291
1.7100141919402114 0.06868608329049772 0.7691026414736805 5.7858877208478274e-05 0.00020139781208866617 0.0029259447164643134 10.686871950408143 0.7573189647162174
9.59934942275346 0.07321495537002222 0.7889044056551437 5.4516574851025564e-05 0.00020139781208866617 0.0027569232560516327 10.703527985916084 0.7558744421099574
9.486872738203278 0.07051027443598055 0.3041057430882455 5.650868476041178e-05 0.00020139781208866617 0.0028576649874022487 10.831495448197233 0.7543955007602444
0.6437321166759673 0.06576777950823637 0.06903065172263716 6.0556679063124505e-05 0.00020139781208866617 0.0030623735492297218 10.688211089930467 0.7528532268964105
8.691692234186371 0.06592523260836879 0.026139263372619858 6.040224567401657e-05 0.00020139781208866617 0.0030545637959004637 10.661096995994459 0.7513888666008672
5.612080339218859 0.06760734037881208 0.13567216195526913 5.875361542247163e-05 0.00020139781208866617 0.002971191957270932 10.605156823798957 0.7499295417133377
5.911488718049071 0.06614493954483378 0.2482524070030961 6.0219449101943263e-05 0.00020139781208866617 0.003045319705969052 10.552565228301463 0.7484794492739868
25.61061932640759 0.06476634831989107 0.7542724276863673 6.115468293506374e-05 0.00020139781208866617 0.0030926148251400917 10.547132726121598 0.7470137315810672
15.424826313756299 0.06434639635722758 7.881154727790293e-38 6.181637948368626e-05 0.00020139781208866617 0.003126077063153605 10.420541561500734 0.7441665266293759
32.8659662806443 0.06702879251976114 0.621771374102287 5.940293905747174e-05 0.00020139781208866617 0.00300402849248848 10.391186475937118 0.7427748408706166
33.14309922992927 0.0653120699524584 0.9063052610299457 6.136646843059897e-05 0.00020139781208866617 0.003103324895600883 10.444209120751502 0.7413720706677325
13.481032533865028 0.06390118821246385 0.46048783507503416 6.236095512712837e-05 0.00020139781208866617 0.0031536164538836257 10.327047627185161 0.7399475421694645
4.207028894657634 0.06360289395443335 0.5143461130820476 6.241784262384218e-05 0.00020139781208866617 0.0031564932755309407 10.30433443562379 0.7385545757077562
28.79821667436264 0.06450991297149597 0.6088507590598621 6.168924311385027e-05 0.00020139781208866617 0.003119647730136103 10.260868686214819 0.7371697275552103
24.68723901984024 0.07215125152446611 0.2873485993717228 5.5431222444185425e-05 0.00020139781208866617 0.002803177321490717 10.253336364557216 0.7358002649028887
24.882027452913132 0.07090894995017699 0.6283468565168014 5.624054423436724e-05 0.00020139781208866617 0.0028441050223060884 11.236257085760121 0.7344262377474022
29.252470137419955 0.06362158978739908 0.49813399957280025 6.292069925530508e-05 0.00020139781208866617 0.0031819229204697176 10.252058810243701 0.7327446882598081
26.21241643607953 0.06292922730832023 0.5308432950024438 6.330380749080676e-05 0.00020139781208866617 0.0032012968449491204 10.152033179242224 0.7313630481191928
18.948096861220748 0.06300638128312465 0.659077518549518 6.314747659725416e-05 0.00020139781208866617 0.003193391134121684 10.185161034677115 0.7299992317535839
6.736350762378455 0.06239206000424754 0.7991726435869951 6.369263592949045e-05 0.00020139781208866617 0.003220960042208864 10.065777772788707 0.7272750846883761
30.916973792665566 0.06282982659435579 0.6425463722081411 6.30841616603508e-05 0.00020139781208866617 0.003190189274458246 10.104802243564453 0.7259093329012104
20.370551129031014 0.06346273881973029 0.7466695369152733 6.23656113378838e-05 0.00020139781208866617 0.003153851920175333 9.99880372838725 0.7245483706100231
28.22477107167491 0.06596131717796237 0.7461885310010985 6.039901639595583e-05 0.00020139781208866617 0.0030544004901203363 9.918958623973193 0.7232131953082381
28.57064984510832 0.07432612759833986 0.9087627110967796 5.3630444119478654e-05 0.00020139781208866617 0.0027121112988004745 10.224883491983892 0.7218837852034463
28.368366331438008 0.06559712104816609 0.6865236074394766 6.073384546637015e-05 0.00020139781208866617 0.0030713329194512304 9.926035156615535 0.7204497568876461
19.532727087833774 0.06227871106731775 0.2627652827355579 6.380585129758698e-05 0.00020139781208866617 0.0032266853850445197 9.87478280450294 0.7190608429316923
21.7325494569082 0.0602372377690727 0.5557002453933768 6.606308395304056e-05 0.00020139781208866617 0.0033408344712471 9.879243671711196 0.7177239422693462
2.7703783635926977 0.06002163059189724 0.322356037472327 6.60199029882771e-05 0.00020139781208866617 0.003338650793965458 9.759594700986364 0.7164184056018771
16.942292201735885 0.06058439032249329 0.7896109605906726 6.602757000927163e-05 0.00020139781208866617 0.0033390385180391406 9.63689937213874 0.7151421686189509
30.69690333704286 0.059525843796261683 0.9471270439631285 6.674806440190492e-05 0.00020139781208866617 0.003375474184665914 9.605130987988442 0.7138840202922264
23.46858670927582 0.05917422049470111 0.6204397408364241 6.705307714309483e-05 0.00020139781208866617 0.0033908987912534775 9.583510392983998 0.7126309986395974
21.97172265192928 0.06040641467211016 0.48927335299352465 6.586119358138967e-05 0.00020139781208866617 0.0033306248008432237 9.615911604608693 0.7113910976612976
9.073848360796195 0.06023474391247132 0.5828395573201375 6.620510710888522e-05 0.00020139781208866617 0.0033480166345124175 9.56378347290476 0.7088704877396415
1.6252700843246528 0.06121508538017975 0.32823009510079326 6.765293338530874e-05 0.00020139781208866617 0.003421233742210437 9.488517426681023 0.7076083741396346
2.1174972223109734 0.061193109447691164 0.446238592055242 6.57436483740919e-05 0.00020139781208866617 0.0033246804964454837 9.802434700399493 0.7063871078595176
3.831631231678796 0.057744376460798226 0.6077956290049042 6.887224849921079e-05 0.00020139781208866617 0.0034828949563119787 9.333627212032308 0.7038767944261767
8.492019089833951 0.058644736006760206 0.8584677760919864 6.780723237513816e-05 0.00020139781208866617 0.003429036698918712 9.303944481353893 0.7014852743858644
18.25793131940201 0.058468416398972066 0.5582290473984205 6.819678098888012e-05 0.00020139781208866617 0.0034487363156962265 9.30887265711537 0.7002959107677426
13.760937670266427 0.057648053035709294 0.008351249748196276 6.921119591367149e-05 0.00020139781208866617 0.0035000356518171305 9.314233535228437 0.6991119418074623
29.105542252494228 0.05711961674457525 0.8464222965452892 6.987879660919691e-05 0.00020139781208866617 0.0035337964647126547 9.295095212308963 0.6979244329024193
22.248677743060025 0.05612207302597762 0.9033222856971314 7.070992776827097e-05 0.00020139781208866617 0.003575827073340249 9.257295452630364 0.6967438583461109
11.261237357926715 0.057428122762358716 0.615054271784569 6.926032537001267e-05 0.00020139781208866617 0.003502520146507311 9.24706334770742 0.6955694311942949
26.316509358705108 0.056438951213820775 0.07231671694653774 7.080381988732041e-05 0.00020139781208866617 0.0035805752323593127 9.066567855377134 0.6932155467571867
16.475185496566382 0.05578591245784557 0.22588033068538557 7.117800137589335e-05 0.00020139781208866617 0.003599497727960875 9.066922973236782 0.6920838297990125
28.13871444358915 0.055173808906159194 0.9999999999999999 7.204148226411368e-05 0.00020139781208866617 0.0036431642742983136 8.966897111885261 0.6909422265252677
33.5427046251739 0.054917396532168546 0.7113352456293836 7.227668268616949e-05 0.00020139781208866617 0.0036550584462115483 8.902871126984872 0.6898388706485649
25.463398563875735 0.05553647262548444 0.4905128558346796 7.201449668540926e-05 0.00020139781208866617 0.003641799603650689 8.816666057456914 0.6876212422290907
12.353777592348473 0.056052854606444456 0.14978317320161783 7.119065566401364e-05 0.00020139781208866617 0.003600137659968763 8.839256892333019 0.6865320061641642
31.9863126381198 0.062256469398768235 0.886628952703122 6.612133163974789e-05 0.00020139781208866617 0.0033437800782030297 8.833381055447864 0.6854082434887423
32.19465961736763 0.0595405977216542 0.014476911986365304 6.783260434056896e-05 0.00020139781208866617 0.0034303197685491694 9.124218934739302 0.6843198436599517
31.669826927063788 0.05602715702564851 0.14569259702380244 7.21253370243346e-05 0.00020139781208866617 0.0036474048403869835 8.947146492329058 0.6830906830327735
24.648057602848173 0.053620202975166883 0.6367905330307755 7.43419088985869e-05 0.00020139781208866617 0.0037594976959182615 8.601071438415905 0.6819446738182127
11.843918025893409 0.053104614815706656 0.17668987422189336 7.450776226066192e-05 0.00020139781208866617 0.0037678849614837975 8.558155120327717 0.6808861127095296
29.394793445450627 0.05349541251837219 0.18530060300277498 7.488978614261567e-05 0.00020139781208866617 0.0037872040498051654 8.53403324652929 0.6798387235531258
27.620743272291403 0.054147238620708214 0.9991491792470765 7.320899822935048e-05 0.00020139781208866617 0.003702205986386217 8.496206467480937 0.6787999044317676
26.460974946549673 0.05488555723546367 0.7148648739336009 7.237903417667778e-05 0.00020139781208866617 0.0036602343987589144 8.491875237595334 0.6777867628030978
26.62922248169567 0.053472253984519026 0.837606278071328 7.43204312008225e-05 0.00020139781208866617 0.0037584115608370514 8.450995758509114 0.6767726560594339
27.102132919417144 0.05209838316278084 0.14855058477671165 7.579379587246306e-05 0.00020139781208866617 0.003832920154581075 8.434753911693829 0.6757376550621992
5.030669977877757 0.05563696050343734 0.4880805180852329 7.145728418393211e-05 0.00020139781208866617 0.003613621162358606 8.388562824470942 0.6737128502139339
5.199449855299097 0.0554585944385065 0.5190167096894717 7.208303462955128e-05 0.00020139781208866617 0.0036452655927126107 8.738023763530496 0.6726995469171886
4.323685501993024 0.052891461063181926 0.1267704971848027 7.523422378708116e-05 0.00020139781208866617 0.0038046223882624406 8.575179149285544 0.6716015950901086
22.539170132050792 0.05411970096259264 0.613675888696019 7.335092738262281e-05 0.00020139781208866617 0.0037093833959068526 8.371386036994053 0.6705499039055285
22.76231246707835 0.05308700777786028 0.4700949424427546 7.501289581877863e-05 0.00020139781208866617 0.003793429751441523 8.458568711421124 0.6695360063211786
2.1798055424659952 0.052414624208710146 0.887579205060756 7.618139794779061e-05 0.00020139781208866617 0.0038525213341945135 8.389212273104059 0.6685043941546355
34.170316642787576 0.05186662594944402 0.6171444107893873 7.699274234431751e-05 0.00020139781208866617 0.003893551318957214 8.345409997810766 0.6674874133213187
23.544071176801257 0.051913620175159506 0.2607242017948961 7.665900144760075e-05 0.00020139781208866617 0.003876673918970728 8.334907579754663 0.6664933587863326
19.157597526114856 0.0517553932604999 0.3318611103516832 7.673838372665281e-05 0.00020139781208866617 0.003880688310040508 8.31536197071171 0.6654876681244924
13.620453866386216 0.051298011417601694 0.2659176556280837 7.794896612759468e-05 0.00020139781208866617 0.003941907907633417 8.250145246641102 0.664497034512098
17.980934694732547 0.050937185525739 0.23769381186535507 7.820844260380339e-05 0.00020139781208866617 0.003955029728540415 8.240239359225066 0.6635135658745484
30.25802872653189 0.05076232789455331 0.7398970153934034 7.922637006268638e-05 0.00020139781208866617 0.004006506694803185 8.153794281961227 0.6625377740215602
33.904215901982965 0.04912063109941539 0.3809745120927383 8.104793583972123e-05 0.00020139781208866617 0.004098623946608866 8.06715165532434 0.6615660121815301
3.6861264237739118 0.05085389373259108 0.6309706421683082 7.852097198170817e-05 0.00020139781208866617 0.003970834454213287 8.034478435407463 0.6606297802607467
2.419247629986023 0.050931163170931604 0.6623641087927512 7.823508049901538e-05 0.00020139781208866617 0.003956376816705857 8.057116294303322 0.6596848242884865
23.283197226130305 0.05018851296479172 0.6732281553053522 7.917290684059862e-05 0.00020139781208866617 0.004003803039984079 8.034196871008687 0.6587407393648688
10.315731084121127 0.0476882705941941 0.8119476155308621 8.036232435181591e-05 0.00020139781208866617 0.004063952321313485 7.949728582402442 0.6568413789906365
37.044570780562765 0.04763938973909543 0.8297297707203575 8.344415804560824e-05 0.00020139781208866617 0.004219801785534544 7.855464237878015 0.655888295301481
30.543247650575502 0.04843646448453886 0.4651601927364021 8.221065136230537e-05 0.00020139781208866617 0.004157422898544933 7.78809506881983 0.6549804958263921
37.957014341916775 0.04787689992940272 0.5401594941827751 8.320680764026413e-05 0.00020139781208866617 0.004207798888175079 7.7236242583111 0.6522714676338756
7.233168782321582 0.04707001716954457 0.635528301580253 8.422078949980051e-05 0.00020139781208866617 0.004259076324026641 7.7024439648055765 0.6513975869013278
11.933609015604826 0.04751378088271667 0.7693094243458277 8.437944757915581e-05 0.00020139781208866617 0.0042670997214966835 7.636603027243009 0.650521410315007
0.548881990372811 0.04738036692145264 0.7414150723849702 8.447722857925991e-05 0.00020139781208866617 0.004272044542662057 7.632594641721213 0.6488040985587208
27.39091215891689 0.047047149719811575 0.910689749590839 8.452925857843467e-05 0.00020139781208866617 0.004274675718870928 7.6141907684546855 0.6479329429303029
35.99985960769529 0.04690912735063948 0.12160121763683246 8.4845092599555e-05 0.00020139781208866617 0.004290647561567546 7.568634792764151 0.6470802318836185
2.7003039615972364 0.047502041902622104 0.7595011135330801 8.370119267897247e-05 0.00020139781208866617 0.004232800121550132 7.568325587750119 0.646236314794835
19.78161192892155 0.046629144115086965 0.5642599462677865 8.546733996150231e-05 0.00020139781208866617 0.00432211483969089 7.545397534760434 0.6453709844111768
10.03093238751117 0.04646147120172761 0.238630193356383 8.593718889113776e-05 0.00020139781208866617 0.004345875272999157 7.511158943455003 0.6445290137611243
15.637986543786937 0.04621379904935782 0.6316351151271576 8.608024225460105e-05 0.00020139781208866617 0.004353109534242936 7.439757862214395 0.6428419241640234
34.37153075401801 0.04555363866807188 0.6074265629528762 8.736512731968527e-05 0.00020139781208866617 0.004418086644909995 7.393343437980183 0.6420065332491673
21.63836535675395 0.04474635643025473 0.2682804448707099 8.909839215122414e-05 0.00020139781208866617 0.004505738485401145 7.374020035000201 0.6411960962589883
3.1736982151587028 0.046810586465799955 0.3434022392565125 8.502364408849553e-05 0.00020139781208866617 0.0042996769760824515 7.312621144487956 0.6403895806227696
12.577271713089493 0.04889082384059509 0.7587741456395357 8.209879630622404e-05 0.00020139781208866617 0.004151766347188575 7.685358689617095 0.6371928831108699
6.25299119487392 0.04525418396483004 0.40491324776122906 8.785606089534994e-05 0.00020139781208866617 0.004442913336528555 7.248723325189924 0.6362870642225905
27.693130447871827 0.04520624378853125 0.7205824757951387 8.805253745713337e-05 0.00020139781208866617 0.004452849228574781 7.249208128609751 0.634733805162056
23.139413679183168 0.04522812804586221 0.032573828701618186 8.796427236334142e-05 0.00020139781208866617 0.004448385630294119 7.261634361540691 0.6339469595027003
2.0140971212206797 0.04458524771427511 0.8695865555846501 8.940500617582545e-05 0.00020139781208866617 0.004521244069480205 7.173554085372346 0.6331476995308833
19.959390803411726 0.04594978341606931 0.8858405061423047 8.672040592998122e-05 0.00020139781208866617 0.004385482846931011 7.147592893516422 0.6323711268796725
24.303022728982892 0.045106362720312446 0.20691667826858026 8.804680730860757e-05 0.00020139781208866617 0.004452559452854744 7.175014166347989 0.6316039329754294
35.2694107968726 0.04410704382264181 0.10822394045543746 9.029266262988256e-05 0.00020139781208866617 0.004566133183080275 7.1532139054512625 0.6307949071245093
31.730232777394605 0.043875028672700093 3.0546609858736195e-36 9.063639500671811e-05 0.00020139781208866617 0.004583515855893916 7.145138613693681 0.6300212446530136
8.335120197715076 0.04373446902595869 0.3767893722564459 9.156605575536022e-05 0.00020139781208866617 0.004630529142131608 7.05232465996207 0.6285000149852996
0.3926871344689086 0.04448180566863955 0.4004128524336723 8.931867107512872e-05 0.00020139781208866617 0.004516878071660738 7.018184182156578 0.6269954109371996
1.5176365551020974 0.0439216395779304 0.6338448806177209 9.054727243549493e-05 0.00020139781208866617 0.004579008894663947 7.070976784174015 0.6262524125018032
32.36614872760051 0.04358269643176696 0.2491357235986455 9.171926834627339e-05 0.00020139781208866617 0.00463827715924682 6.911016767664073 0.6254850571202023
7.434359556742037 0.04272582548276333 0.096040568078714 9.302075375137409e-05 0.00020139781208866617 0.0047040937552185755 6.8553160769980215 0.6247368465586788
13.378806657172856 0.04267809041252914 0.6105457406414292 9.286267229259598e-05 0.00020139781208866617 0.004696099517663356 6.852887589237772 0.6240156019984013
25.99294233215953 0.042641771379344634 0.1843985109036504 9.323923479808845e-05 0.00020139781208866617 0.004715142422166916 6.8398611967728815 0.6232892266118978
26.712152043035147 0.04301745207264691 0.2857578858195049 9.278002193569172e-05 0.00020139781208866617 0.0046919198586937135 6.845936288683079 0.6225735390185254
4.694717071748562 0.041988409423592436 0.38362222038070304 9.480662005383041e-05 0.00020139781208866617 0.004794405671454966 6.87620137572206 0.621848657686562
7.624769898038436 0.04354154494993346 0.7246858890778642 9.137393999092082e-05 0.00020139781208866617 0.004620813777212142 6.871862249727933 0.6211253196809585
33.976229905945715 0.04240226542210616 0.1447234191663714 9.416758901268758e-05 0.00020139781208866617 0.004762089636497161 6.829121262964994 0.6203777107768155
21.084428311005148 0.04315382885789744 0.8697452671121695 9.216087397181954e-05 0.00020139781208866617 0.00466060931827182 6.838601732179019 0.6196655968464027
9.224513809151562 0.04193710433256569 0.08297886367337898 9.483326884155926e-05 0.00020139781208866617 0.004795753310458994 6.804558947808164 0.6189496892970275
38.19861971442136 0.04248175322382613 0.1557254423390891 9.382124572022217e-05 0.00020139781208866617 0.00474457492871912 6.731045945885575 0.6182375178638156
28.472615778470317 0.041738679242939586 0.44091305459575575 9.558657594116762e-05 0.00020139781208866617 0.0048338483277548215 6.741298198810674 0.6168176478790917
15.068338238760015 0.042331468826097916 0.0453679521254431 9.37846038387681e-05 0.00020139781208866617 0.004742721935287264 6.712691729321354 0.6161103813041392
23.9450135026136 0.04145624362347447 0.11036573074143986 9.558925508957798e-05 0.00020139781208866617 0.004833983813276044 6.695596330190829 0.6154158314569951
14.451912715397514 0.04108246720332758 0.6472291516428328 9.760376910396162e-05 0.00020139781208866617 0.004935858528462626 6.600489935338399 0.6147097361254866
18.344445376886053 0.04075446764247675 0.1367269848931508 9.820751968882481e-05 0.00020139781208866617 0.004966390417760745 6.589437529300078 0.6140334066498722
15.793052111820925 0.04358744448536459 0.13658922775001703 9.166432070428693e-05 0.00020139781208866617 0.004635498436767068 6.678737053851713 0.6126789748701912
17.406979721389945 0.0410175059576961 0.43142051450034996 9.73334004133901e-05 0.00020139781208866617 0.004922185884266219 6.619796786089259 0.611976661004996
7.147783455497497 0.03997417822737989 0.5871936509476458 0.00010076353956869242 0.00020139781208866617 0.005095649283876115 6.402256390803967 0.6099585480747445
32.035562514345166 0.040206129895462545 0.22800575038182125 9.931537752650524e-05 0.00020139781208866617 0.005022415196379843 6.394442799410304 0.6093180292382679
12.875199118086423 0.03937923294932487 0.8416828543528665 0.00010093436885971634 0.00020139781208866617 0.005104288184000079 6.365142365770307 0.6086735029391505
4.8077459824274795 0.038902872988494645 0.5828077366084591 0.00010269675995440825 0.00020139781208866617 0.00519341295033934 6.338299235410127 0.6080342743951288
30.07514580963782 0.03915857662254908 0.9448193977151114 0.00010143376031982686 0.00020139781208866617 0.005129542593948147 6.338299128710177 0.6074062361060827
25.735244032275855 0.039307964289495755 0.667989846549249 0.00010104108074758349 0.00020139781208866617 0.005109684643446809 6.35475654341815 0.6067802378802286
18.060136396046836 0.039266392710762155 0.13129568309230427 0.00010135669202031797 0.00020139781208866617 0.005125645221675567 6.326951067548238 0.606145491041726
2.3755228766428065 0.040262261815081746 0.27930057463445573 9.872341118778983e-05 0.00020139781208866617 0.004992479240746828 6.295815879077578 0.6055197930689814
3.480345952033878 0.04579891927490387 0.6006919984469843 8.667127710425027e-05 0.00020139781208866617 0.004382998384131022 6.3137935810425905 0.6048966249255672
3.527274563409777 0.042444550713822506 0.8310565902059811 9.421211516492397e-05 0.00020139781208866617 0.00476434134040443 6.421442479922292 0.6042730143219904
20.819529375678833 0.038793632336051466 0.6568659362358008 0.00010270629491543948 0.00020139781208866617 0.005193895136828208 6.3273467090319615 0.6035839170170217
37.17681452848234 0.0385885339202452 0.7867132082510305 0.00010312009099792134 0.00020139781208866617 0.005214820957024629 6.25400498825895 0.6029532604325909
9.176091576811052 0.03996333634003453 0.9697383881467047 0.00010140691738994355 0.00020139781208866617 0.005128185137103909 6.243771801692239 0.6023398756769626
8.53523731374125 0.03907480762378489 0.9829175378888162 0.00010337603928305445 0.00020139781208866617 0.005227764356010318 6.280776526291018 0.6010989831541885
26.950756769482403 0.038708201474699847 0.8267845080724631 0.00010277160218835186 0.00020139781208866617 0.005197197749656939 6.211903431620452 0.5998528252574594
17.785034346513108 0.03830751569269576 0.5145070443877735 0.00010420905196530567 0.00020139781208866617 0.005269890113957511 6.204880212027216 0.5992432808911115
21.78543635562641 0.03881634266795193 0.30215142901967285 0.00010297651948608037 0.00020139781208866617 0.005207560492826677 6.229621842763555 0.5973993023910388
5.078280758631093 0.03937222366071626 0.70306788447877 0.00010155633766992082 0.00020139781208866617 0.0051357413756592625 6.2033944435289685 0.5967826535802251
26.07915488557335 0.038424268405375335 0.5153460354692494 0.00010419917539038296 0.00020139781208866617 0.005269390651928413 6.155820339587925 0.5949550288017824
34.47852919415763 0.03702289050184673 0.17622776023660752 0.00010715428753581209 0.00020139781208866617 0.005418831760806532 6.157074789203652 0.5943553955301609
24.58840878281117 0.03727862995104844 0.5912374536842954 0.00010688847585388628 0.00020139781208866617 0.00540538956621463 6.0982411872312605 0.593756352041224
27.945857153392392 0.037298778992995885 0.09119918699224078 0.00010696251285548805 0.00020139781208866617 0.005409133644636322 6.0578554890897856 0.5931636158637675
15.20546042959395 0.037765660754168665 0.05539052454534546 0.00010495073138501099 0.00020139781208866617 0.005307397115200859 6.007017129547356 0.5925784562591996
15.700670072928155 0.0377559396967764 0.360986300273635 0.00010574147321515344 0.00020139781208866617 0.005347385220598341 6.115805093885095 0.5920028293215361
23.377454251572868 0.04228677019321923 0.8921030025444651 9.396851447139161e-05 0.00020139781208866617 0.004752022363670751 6.012002973688244 0.5914016348127704
23.244613903945968 0.042620085498327555 0.7585131836219611 9.363786524126167e-05 0.00020139781208866617 0.004735301310401506 6.483265527497631 0.5908256528287391
22.688332751786056 0.0369666168148777 0.36342258532256083 0.00010746388240974373 0.00020139781208866617 0.005434488087533384 5.977235209246269 0.5901273995204656
17.55312714579593 0.03711630077035998 0.77859870431651 0.00010984514399463948 0.00020139781208866617 0.005554909362349 5.915319616699281 0.5889843516605662
6.3735711414735885 0.035419450370937945 0.16544844162747596 0.00010933260911959515 0.00020139781208866617 0.005528990285070053 5.8403681392506535 0.5878374032979172
13.433022400120295 0.04037292368752826 0.6880888642346076 9.853165151745088e-05 0.00020139781208866617 0.004982781883637088 5.830268003409813 0.5872907892524637
13.268083591672108 0.038440754946979024 0.6053447117496217 0.00010350738622243104 0.00020139781208866617 0.005234406619079267 5.9156745938209605 0.5867475806132096
1.8802988625543198 0.03606923462090407 0.4169036256661693 0.00011053664423782514 0.00020139781208866617 0.005589878784166373 5.851613144831187 0.5856362667794432
13.155741796133773 0.037707991733480835 0.3971952160482586 0.00010561479688655949 0.00020139781208866617 0.0053409791520357755 5.797675950331879 0.5850804614256829
34.860119452965534 0.03657013697847347 0.8373322873154355 0.00010879260214382047 0.00020139781208866617 0.005501681933545556 5.760982040827118 0.5845122439836564
35.56278314666595 0.03559071791061843 2.6366200105707076e-36 0.00011206429448196769 0.00020139781208866617 0.005667132619292633 5.775042971599974 0.5839772338050687
5.696953483921377 0.03631369055691504 0.4338538869754852 0.00011104038638423721 0.00020139781208866617 0.00561535320992206 5.759482447059308 0.5834378255945034
11.182526691436113 0.03593789579010244 0.541664615579318 0.00011141931506442942 0.00020139781208866617 0.0056345157727511 5.750699938343736 0.5828942087119516
32.27388798275495 0.0356799710559949 0.9475866030329113 0.00011173080175626232 0.00020139781208866617 0.005650267769405537 5.737600445025708 0.5823546461370964
15.14268522259693 0.0358443062694856 0.6950763455383429 0.00011114778052722923 0.00020139781208866617 0.00562078417126157 5.7362724358261605 0.5818122848992721
28.404563277957287 0.035728746422413665 0.3663124464281929 0.00011153156780710846 0.00020139781208866617 0.0056401924352650805 5.687310685548486 0.5812684331079876
36.45060239464655 0.03462430322517314 0.3698488606977805 0.00011458385374170725 0.00020139781208866617 0.005794547658428122 5.688668439055605 0.5807420510061263
30.769058448559022 0.0378987948759054 0.9208912464890165 0.00010519378532409518 0.00020139781208866617 0.0053196884423608514 5.707957614667128 0.5802181514832743
25.277373826987642 0.03506947922056316 0.6830901957888512 0.0001134298467512151 0.00020139781208866617 0.005736189100165283 5.672840944338703 0.579128371090737
7.079924729652582 0.034985947576605024 0.8771992790991652 0.0001151878526915723 0.00020139781208866617 0.005825092107635799 5.6463623360288375 0.578071776879641
33.38057578749045 0.034419517171322384 0.24022956051240785 0.00011524380726189517 0.00020139781208866617 0.005827921750852143 5.6313772962900615 0.5775449289220588
11.625101663649556 0.034048265784102 0.7365040851133663 0.00011689689476122665 0.00020139781208866617 0.0059115189941428125 5.638749289977282 0.5770287289671457
3.9980982717699254 0.03484552360533764 0.06890053010406107 0.00011430624270106458 0.00020139781208866617 0.0057805087659229355 5.581314850656189 0.576511537286651
12.695311185888885 0.03444007676242041 0.8138723941923578 0.0001149801011063433 0.00020139781208866617 0.00581458603350395 5.642831902551499 0.5754801008619017
20.649881640368463 0.03477905039776527 0.9411594620217352 0.00011467114483490668 0.00020139781208866617 0.005798962001140321 5.5725438644051035 0.5749603308948253
9.0202021290281 0.034399744199118155 0.956513205364477 0.00011545688927433536 0.00020139781208866617 0.005838697386650026 5.559245007072432 0.5744523823726689
16.062358963891143 0.0354661385675474 0.9234938954191578 0.00011153030268611133 0.00020139781208866617 0.005640128457630604 5.545679039832122 0.5739476453032684
24.415857473626776 0.03517467171094021 0.1102052827741187 0.00011301476681497342 0.00020139781208866617 0.005715198355011681 5.541573432592596 0.5728870268479752
24.920156029906586 0.034714093056290536 0.259682869082048 0.0001151362640301717 0.00020139781208866617 0.005822483250040609 5.559675647881407 0.5723825951314429
31.441341951692028 0.03403445809642849 0.10710400034598978 0.00011752269022986734 0.00020139781208866617 0.005943165701327587 5.470290272108991 0.5718648287907756
23.90344564073763 0.03315319249090629 0.9230611535228 0.0001198394544903347 0.00020139781208866617 0.006060325322707425 5.455584116597463 0.5708806164196999
3.2233282258805134 0.03378798201834104 0.15247715868790906 0.00011810453904739645 0.00020139781208866617 0.00597259001019027 5.44217624613702 0.5703906477091251
4.771133372825238 0.03345398382708577 0.40727767906208334 0.0001196565002308791 0.00020139781208866617 0.006051073258467051 5.402998425296142 0.5699019026298815
42.399739354768045 0.03291641437407749 0.8160843263303985 0.00012088891295796823 0.00020139781208866617 0.006113396823688282 5.3893829959517205 0.5694156102042119
22.389137466728553 0.034047299082933934 0.21253715518420427 0.00011679689647565814 0.00020139781208866617 0.005906462044035392 5.366860147822258 0.5689362828069293
8.288371143592665 0.03366786551507714 0.019232697200849625 0.00011879923938158129 0.00020139781208866617 0.006007721261787325 5.358464772258315 0.567488264888037
19.31704036735983 0.03177614074340291 0.8099998001874897 0.00012550956613068096 0.00020139781208866617 0.006347064955349361 5.293234050185193 0.567016093240826
29.549739774387792 0.032856854823342774 0.04766202410549506 0.00012126182994705023 0.00020139781208866617 0.006132255373085165 5.268403257465412 0.5660885921929624
24.50225368741953 0.03368697925194068 0.0880699712287612 0.00011799506740241431 0.00020139781208866617 0.005967053988810457 5.295478064736715 0.56562937556799
5.408783379384616 0.03293197067647836 0.2455384162909897 0.00012084687536505846 0.00020139781208866617 0.006111270967142121 5.26417143779687 0.5651568340043875
20.119320674433908 0.03277246804504486 0.6344631676626512 0.00012198727997400906 0.00020139781208866617 0.006168941647963794 5.242272878952252 0.5642117299222453
32.73510550605697 0.033305201062465914 0.43172294650811543 0.0001202437318008974 0.00020139781208866617 0.006080769775104334 5.228597407025433 0.5628302692972924
28.979274332260466 0.03168874158785204 0.0657694883415899 0.00012539888353477703 0.00020139781208866617 0.00634146769573572 5.165689971462316 0.5623743990451241
31.361564479376344 0.03151450386761944 0.04169229729782937 0.0001264723416034909 0.00020139781208866617 0.006395752865376706 5.108393097732339 0.5619269771949894
22.10228828857589 0.03276573432539711 0.40866419211782457 0.00012252972847927578 0.00020139781208866617 0.006196373468533353 5.102067338570267 0.5614840812610488
10.963578866415729 0.036240907999004826 0.22113774775381734 0.00010987967020756312 0.00020139781208866617 0.00555665536564456 5.064071469197163 0.5605956844637585
10.754941261416755 0.037054948456009984 0.21996228672543577 0.00010766097053981824 0.00020139781208866617 0.005444454906813188 5.717429183157267 0.5596734808470348
10.376985035697858 0.032751750139810916 0.23049742987200567 0.00012127300421417251 0.00020139781208866617 0.006132820459886435 5.2881463817594145 0.5591065886686826
38.44453654448807 0.030816641637269243 0.9552390220600946 0.0001301761632174538 0.00020139781208866617 0.006583056487654967 5.052704901507319 0.55818897512225
35.488543968320904 0.03054946418722522 0.6277347433488867 0.00013080370833316404 0.00020139781208866617 0.00661479167513604 5.044870057368284 0.5577600352927441
14.740215426776606 0.03296857246383173 0.9824717992719298 0.00012043462481628319 0.00020139781208866617 0.0060904233051541036 5.249950997413454 0.5568959217071688
13.68723263846855 0.03250129206470048 0.0041957182018680286 0.00012270377778535142 0.00020139781208866617 0.006205175206003669 5.116986905935222 0.5564244784895543
14.287033027727842 0.0312190058485876 0.9305175768861323 0.0001276748646202779 0.00020139781208866617 0.0064565648969464986 5.032134508050004 0.5559744376195052
17.060786337985324 0.031449636910042635 0.103867761982255 0.00012667533812232482 0.00020139781208866617 0.0064060184740507686 5.0426468267552815 0.5555481315188606
29.15676714178836 0.03073139939336512 0.5562933659362123 0.00013039226871655802 0.00020139781208866617 0.0065939850222863005 5.024560729486553 0.555119767588713
26.564319759847756 0.03358102022003815 0.27022869584943565 0.00011806954244437503 0.00020139781208866617 0.005970820219094329 5.01715404819303 0.5546959564433134
24.832359750061496 0.031278949544462614 0.8264645997691248 0.00012757196952692927 0.00020139781208866617 0.006451361454203413 5.102266534279302 0.5538208349743158
31.870639565289792 0.030333867668498358 0.34435294623964124 0.00013061123430176623 0.00020139781208866617 0.00660505819252462 4.921913987488214 0.5529617708071068
1.1210576662342013 0.03366528409953102 0.3717483260320157 0.00011851330108122364 0.00020139781208866617 0.00599326125669335 4.899477146877725 0.5525451213603122
0.8307783072633212 0.03202465315403512 0.46216907787921696 0.0001244005578769653 0.00020139781208866617 0.006290981999767928 4.97181362058772 0.5517184706092467
34.72184147296 0.030000080959198996 0.5919955273762101 0.00013317157505329796 0.00020139781208866617 0.0067345355667104215 4.876882866594962 0.5504390592246968
35.02372054085989 0.02991004381999792 0.8324386971637839 0.0001335312333675275 0.00020139781208866617 0.006752723620039916 4.882550913801245 0.5500335592759763
27.880736533718157 0.03140212884670773 0.1601685675438226 0.00012676049799169645 0.00020139781208866617 0.006410325039989559 4.908458207616416 0.549212165693436
5.505747757597028 0.02997548466455223 0.14789088138674913 0.00013265724038179674 0.00020139781208866617 0.006708525473062202 4.832388544561167 0.5488016259258867
11.015020674840649 0.029845120303100367 0.5761587739960762 0.0001332903765882132 0.00020139781208866617 0.0067405434040581904 4.836741245337567 0.5484039061509456
9.268309122906345 0.030165689183875875 0.45322317422695463 0.00013178372556830797 0.00020139781208866617 0.006664351507430766 4.838870721700385 0.5480067708946417
29.61475440565685 0.029451704264512997 0.23878675207151945 0.00013541036731276943 0.00020139781208866617 0.006847752115300858 4.793245220637118 0.547195171981981
8.611664722313291 0.02891905682586078 0.514471503584382 0.0001378462639488188 0.00020139781208866617 0.0069709363047627555 4.79834861150126 0.5464131474572862
26.035671291462368 0.028564463442290872 0.9256142668849118 0.00014013449405366932 0.00020139781208866617 0.007086652943390525 4.75971612339598 0.5460201961124486
27.274842428119825 0.03488752306708318 0.7164590037019438 0.00011528470718630088 0.00020139781208866617 0.005829990075083315 4.95905301514899 0.544867484238567
1.9733097041272902 0.028726028674415694 0.200660917143836 0.00013858270034063623 0.00020139781208866617 0.007008178164156019 4.701090712089982 0.5439843130539431
21.279699315098597 0.030916093238780654 0.7094841081253488 0.000128961138098808 0.00020139781208866617 0.006521612220192548 4.674585310749925 0.5435981276646303
15.94255039072409 0.02855701557548449 0.4594530605806966 0.000138927852675747 0.00020139781208866617 0.007025632644782282 4.674833745014747 0.5428034227352196
16.122339060054863 0.028733261043522453 0.3430743952806797 0.00013838599554110876 0.00020139781208866617 0.006998230730043069 4.633529602462972 0.5416813978922795
13.052586356645604 0.027635596538923227 0.9999999999999999 0.00014366824777581897 0.00020139781208866617 0.007265356169783152 4.624336158545645 0.5409460279678175
19.029068114587435 0.029104235793161973 0.2366139043623406 0.00013698694438543129 0.00020139781208866617 0.006927480198153766 4.576753237069868 0.5405784535710022
19.919101184219222 0.027926412558973303 0.1132572480239694 0.0001425796911538173 0.00020139781208866617 0.0072103074607450975 4.635158855269768 0.5398207998567269
13.891882593894113 0.029330169312787438 0.8837072246868527 0.00013513962406025133 0.00020139781208866617 0.006834060529368948 4.5352073575609415 0.5387193118237623
14.01248478860654 0.028921513905645152 0.9999999999999999 0.0001374883804936566 0.00020139781208866617 0.006952838006709569 4.54763228976555 0.5383592248716288
0.604111055251121 0.029101905749888586 0.46558014711744283 0.0001366779243215717 0.00020139781208866617 0.006911852939783828 4.519137420158023 0.5379892483358032
38.6236383473538 0.027756477582110774 0.7912632626629497 0.0001435491336211242 0.00020139781208866617 0.007259332523138065 4.51517634289389 0.537634977188842
3.4151380264748155 0.02860647270468626 0.4199103259721982 0.00013913155656304995 0.00020139781208866617 0.007035934025340181 4.520595552690649 0.5372804239773532
20.711492001349836 0.027718286665574132 0.07248861709417007 0.000143780933922213 0.00020139781208866617 0.007271054749682522 4.4624192607077 0.5358267655884439
19.40025011939673 0.027566380438271466 0.8716935111454271 0.00014409364287537146 0.00020139781208866617 0.007286868556542068 4.492489215090604 0.5354782067219991
41.745506206448084 0.0270839229895897 0.43228298975336393 0.00014817653648006184 0.00020139781208866617 0.007493341988915885 4.422108419000838 0.5344662643895403
8.159716131567 0.026784671221400446 0.2526536450040187 0.00014824972754549283 0.00020139781208866617 0.007497043288034058 4.4098271496812425 0.5341248743987436
5.454408170972323 0.027249377821486946 3.496369573938894e-25 0.0001461358769019453 0.00020139781208866617 0.007390145082947971 4.404038413704045 0.5337847979841701
46.31633169130847 0.027271754331372747 0.41412784803334757 0.00014694894514758744 0.00020139781208866617 0.007431262243394923 4.408872617501242 0.5334472659265916
37.81311797809146 0.027427494769531408 0.9578897513812653 0.00014529815146788506 0.00020139781208866617 0.00734778099940718 4.39694572368153 0.5331052805846737
17.87957512689808 0.02725148187419598 0.4167247329383185 0.00014600288040838655 0.00020139781208866617 0.007383419401316882 4.338148639595386 0.5320914641152812
16.70626626191846 0.028618699669302253 0.10847157595470557 0.00013905494391854234 0.00020139781208866617 0.007032059695708728 4.377109514783645 0.5317618152200533
15.370190157320078 0.02643170043102258 0.8940508721580261 0.00015070609276837555 0.00020139781208866617 0.00762126258146596 4.3289714948003395 0.5304053179801073
6.8051110158387225 0.026137473208670447 0.9999999999999999 0.00015215626365996127 0.00020139781208866617 0.00769459825721571 4.328523694352414 0.5300747756596051
9.535492291385063 0.027161542138311963 0.07226795327685692 0.00014663083058426667 0.00020139781208866617 0.007415175072839835 4.4028170213108515 0.5294279532270656
11.438502654584168 0.026695037609750224 0.5520123081534722 0.0001493059782842731 0.00020139781208866617 0.007550458276666828 4.319028515362701 0.5290841919382874
12.255729745061467 0.026293770362223936 0.6295550267654055 0.00015173615051070942 0.00020139781208866617 0.007673352980627617 4.275490908171378 0.5287537033766293
43.47425624189288 0.026126802212775677 0.12384750447965436 0.00015240847188899653 0.00020139781208866617 0.007707352520187934 4.27949895182265 0.5284302500091286
43.026109432833174 0.026446648355271926 0.42751685498306485 0.00015327271701662024 0.00020139781208866617 0.007751057714393294 4.251247326530171 0.5281071335591716
35.37751232512032 0.025474308207433502 0.8128794921410691 0.00015575063710789112 0.00020139781208866617 0.007876367045453254 4.235456262293652 0.5274536001750707
27.450949729907226 0.02644447872714404 0.5172854046550852 0.00015139572702792454 0.00020139781208866617 0.007656137639804017 4.196171098565062 0.5271298168551433
31.226220788491027 0.026875398910095917 0.7137692274028172 0.00014931312219235897 0.00020139781208866617 0.007550819546728177 4.175098877587848 0.526184783586972
3.7876535283358543 0.02554518943099068 0.988179259647074 0.00015561323411440354 0.00020139781208866617 0.007869418525498871 4.168423088482908 0.5255527548134304
2.9442641580492968 0.026827919165028438 0.31581520082704234 0.00014888962262366606 0.00020139781208866617 0.007529403017662515 4.29266264108964 0.524926028250287
37.40227190407775 0.02646255472285134 0.3245626985322764 0.000150873439031043 0.00020139781208866617 0.007629725343563945 4.143249493799704 0.5245888824090138
38.4929618811663 0.025916759459378016 0.5585569624616444 0.0001536781584852669 0.00020139781208866617 0.007771561038692999 4.163537974018392 0.5242726342815722
54.121970925617674 0.025546964717337153 0.7681224823005102 0.00015610562303040735 0.00020139781208866617 0.007894318814214046 4.142091071139178 0.5239561775759802
25.52518056609567 0.025674838704334756 0.4423083795992916 0.00015531562649708576 0.00020139781208866617 0.007854368398751114 4.129092807549942 0.523646378269012
30.319210760047117 0.02960165449362531 0.4397482591441468 0.00015697806083211953 0.00020139781208866617 0.007938438314963525 4.1308017500661425 0.5233405396069643
24.0793167033518 0.026402685452174376 0.20429342178958051 0.00015088448788032384 0.00020139781208866617 0.007630284087938812 4.1518820164658345 0.5224253393363785
40.82050778815683 0.025066532785363478 0.5524186238848209 0.00015923111879378893 0.00020139781208866617 0.008052376285364865 4.082755291674059 0.5221031441229637
30.44379270614005 0.02617332889907368 0.6832325077491714 0.0001592562262508787 0.00020139781208866617 0.008053645978711159 4.0881050841811195 0.5218036260715779
8.014797338382776 0.02516966290692096 0.21449723456511682 0.00015917899734094337 0.00020139781208866617 0.0080497404843102 4.075209810834052 0.5214848886192077
6.504360580070371 0.02531332462530093 0.767068917413605 0.000157996659800983 0.00020139781208866617 0.00798994923973317 4.075604763009353 0.5211845697589765
33.653468947397876 0.028807255614846487 0.837185765467035 0.00013852276807650143 0.00020139781208866617 0.007005147367499542 4.0638680326665115 0.5208847623088577
33.71171343592552 0.025951425996452202 0.14597540983347923 0.00015320683209975466 0.00020139781208866617 0.007747725889897238 4.068429824343627 0.520293209564797
10.126946028933359 0.024860609562809565 0.3898417335787052 0.00016038589743654603 0.00020139781208866617 0.008110773866366763 4.039895681860227 0.5199829344181058
